-----MAP: map_original.csv
-----BEST FIRST-----
 > state value difference
Execution time: 5930451.0 ns
Treated list size: 45 nodes.
Path length: 20 moves.
Path cost: 47.0 time units.

 2 2 2 2 3 0 1 0 0 2	 * * * * * 0 1 0 0 2
 3 0 0 0 3 0 1 0 0 2	 3 0 0 0 * 0 1 0 0 2
 3 0 0 0 3 0 1 1 1 2	 3 0 0 0 * 0 1 1 1 2
 3 3 3 3 3 0 1 0 0 2	 3 3 3 3 * 0 1 0 0 2
 3 0 1 0 3 0 1 2 2 2	 3 0 1 0 * 0 * * * *
 3 0 1 0 3 3 1 3 3 2	 3 0 1 0 * * * 3 3 *
 3 0 1 0 0 0 1 0 0 2	 3 0 1 0 0 0 1 0 0 *
 1 1 1 1 1 1 1 0 0 2	 1 1 1 1 1 1 1 0 0 *
 3 0 0 0 0 0 3 0 0 2	 3 0 0 0 0 0 3 0 0 *
 3 2 2 2 2 0 3 2 0 2	 3 2 2 2 2 0 3 2 0 *

--------------------------------------------
 > distance x value
Execution time: 1638443.0 ns
Treated list size: 40 nodes.
Path length: 20 moves.
Path cost: 47.0 time units.

 2 2 2 2 3 0 1 0 0 2	 * * * * * 0 1 0 0 2
 3 0 0 0 3 0 1 0 0 2	 3 0 0 0 * 0 1 0 0 2
 3 0 0 0 3 0 1 1 1 2	 3 0 0 0 * 0 1 1 1 2
 3 3 3 3 3 0 1 0 0 2	 3 3 3 3 * 0 1 0 0 2
 3 0 1 0 3 0 1 2 2 2	 3 0 1 0 * 0 * * * *
 3 0 1 0 3 3 1 3 3 2	 3 0 1 0 * * * 3 3 *
 3 0 1 0 0 0 1 0 0 2	 3 0 1 0 0 0 1 0 0 *
 1 1 1 1 1 1 1 0 0 2	 1 1 1 1 1 1 1 0 0 *
 3 0 0 0 0 0 3 0 0 2	 3 0 0 0 0 0 3 0 0 *
 3 2 2 2 2 0 3 2 0 2	 3 2 2 2 2 0 3 2 0 *

--------------------------------------------
 > rasterize
Execution time: 1154099.0 ns
Treated list size: 26 nodes.
Path length: 18 moves.
Path cost: 49.0 time units.

 2 2 2 2 3 0 1 0 0 2	 * 2 2 2 3 0 1 0 0 2
 3 0 0 0 3 0 1 0 0 2	 * 0 0 0 3 0 1 0 0 2
 3 0 0 0 3 0 1 1 1 2	 * 0 0 0 3 0 1 1 1 2
 3 3 3 3 3 0 1 0 0 2	 * * * * * 0 1 0 0 2
 3 0 1 0 3 0 1 2 2 2	 3 0 1 0 * 0 1 2 2 2
 3 0 1 0 3 3 1 3 3 2	 3 0 1 0 * * * * * *
 3 0 1 0 0 0 1 0 0 2	 3 0 1 0 0 0 1 0 0 *
 1 1 1 1 1 1 1 0 0 2	 1 1 1 1 1 1 1 0 0 *
 3 0 0 0 0 0 3 0 0 2	 3 0 0 0 0 0 3 0 0 *
 3 2 2 2 2 0 3 2 0 2	 3 2 2 2 2 0 3 2 0 *

--------------------------------------------
-----A*------
 > state value difference
Execution time: 4947708.0 ns
Treated list size: 61 nodes.
Path length: 22 moves.
Path cost: 43.0 time units.

 2 2 2 2 3 0 1 0 0 2	 * 2 2 2 3 0 1 0 0 2
 3 0 0 0 3 0 1 0 0 2	 * 0 0 0 3 0 1 0 0 2
 3 0 0 0 3 0 1 1 1 2	 * 0 0 0 3 0 1 1 1 2
 3 3 3 3 3 0 1 0 0 2	 * * * 3 3 0 1 0 0 2
 3 0 1 0 3 0 1 2 2 2	 3 0 * 0 3 0 1 2 2 2
 3 0 1 0 3 3 1 3 3 2	 3 0 * 0 3 3 * * * *
 3 0 1 0 0 0 1 0 0 2	 3 0 * 0 0 0 * 0 0 *
 1 1 1 1 1 1 1 0 0 2	 1 1 * * * * * 0 0 *
 3 0 0 0 0 0 3 0 0 2	 3 0 0 0 0 0 3 0 0 *
 3 2 2 2 2 0 3 2 0 2	 3 2 2 2 2 0 3 2 0 *

--------------------------------------------
 > distance x value
Execution time: 2311278.0 ns
Treated list size: 44 nodes.
Path length: 24 moves.
Path cost: 44.0 time units.

 2 2 2 2 3 0 1 0 0 2	 * 2 2 2 3 0 1 0 0 2
 3 0 0 0 3 0 1 0 0 2	 * 0 0 0 3 0 1 0 0 2
 3 0 0 0 3 0 1 1 1 2	 * 0 0 0 3 0 1 1 1 2
 3 3 3 3 3 0 1 0 0 2	 * * * 3 3 0 1 0 0 2
 3 0 1 0 3 0 1 2 2 2	 3 0 * 0 3 0 * * * *
 3 0 1 0 3 3 1 3 3 2	 3 0 * 0 3 3 * 3 3 *
 3 0 1 0 0 0 1 0 0 2	 3 0 * 0 0 0 * 0 0 *
 1 1 1 1 1 1 1 0 0 2	 1 1 * * * * * 0 0 *
 3 0 0 0 0 0 3 0 0 2	 3 0 0 0 0 0 3 0 0 *
 3 2 2 2 2 0 3 2 0 2	 3 2 2 2 2 0 3 2 0 *

--------------------------------------------
 > rasterize
Execution time: 3826631.0 ns
Treated list size: 59 nodes.
Path length: 22 moves.
Path cost: 43.0 time units.

 2 2 2 2 3 0 1 0 0 2	 * 2 2 2 3 0 1 0 0 2
 3 0 0 0 3 0 1 0 0 2	 * 0 0 0 3 0 1 0 0 2
 3 0 0 0 3 0 1 1 1 2	 * 0 0 0 3 0 1 1 1 2
 3 3 3 3 3 0 1 0 0 2	 * * * 3 3 0 1 0 0 2
 3 0 1 0 3 0 1 2 2 2	 3 0 * 0 3 0 1 2 2 2
 3 0 1 0 3 3 1 3 3 2	 3 0 * 0 3 3 * * * *
 3 0 1 0 0 0 1 0 0 2	 3 0 * 0 0 0 * 0 0 *
 1 1 1 1 1 1 1 0 0 2	 1 1 * * * * * 0 0 *
 3 0 0 0 0 0 3 0 0 2	 3 0 0 0 0 0 3 0 0 *
 3 2 2 2 2 0 3 2 0 2	 3 2 2 2 2 0 3 2 0 *

--------------------------------------------
-----MAP: map_custom.csv
-----BEST FIRST-----
 > state value difference
Execution time: 1223793.0 ns
Treated list size: 43 nodes.
Path length: 22 moves.
Path cost: 57.0 time units.

 3 1 1 1 3 3 3 1 1 2	 * * * 1 3 3 3 1 1 2
 1 0 2 0 3 0 1 1 1 0	 1 0 * 0 3 0 1 1 1 0
 1 0 2 0 3 0 1 1 1 0	 1 0 * 0 3 0 1 1 1 0
 1 2 2 2 3 2 1 1 2 1	 1 2 * 2 3 2 1 1 2 1
 3 3 3 3 3 3 3 0 3 1	 * * * 3 3 3 3 0 3 1
 3 0 1 0 3 3 1 0 3 1	 * 0 1 0 3 3 1 0 3 1
 3 3 3 3 0 0 1 1 1 1	 * * * * 0 0 1 1 1 1
 3 0 0 3 1 1 1 0 0 2	 3 0 0 * 1 1 1 0 0 2
 3 0 0 3 0 0 3 0 0 1	 3 0 0 * 0 0 3 0 0 1
 3 1 1 3 2 2 2 2 2 3	 3 1 1 * * * * * * *

--------------------------------------------
 > distance x value
Execution time: 722886.0 ns
Treated list size: 25 nodes.
Path length: 18 moves.
Path cost: 35.0 time units.

 3 1 1 1 3 3 3 1 1 2	 * 1 1 1 3 3 3 1 1 2
 1 0 2 0 3 0 1 1 1 0	 * 0 2 0 3 0 1 1 1 0
 1 0 2 0 3 0 1 1 1 0	 * 0 2 0 3 0 1 1 1 0
 1 2 2 2 3 2 1 1 2 1	 * * * * 3 2 1 1 2 1
 3 3 3 3 3 3 3 0 3 1	 3 3 3 * * 3 3 0 3 1
 3 0 1 0 3 3 1 0 3 1	 3 0 1 0 * * * 0 3 1
 3 3 3 3 0 0 1 1 1 1	 3 3 3 3 0 0 * * * *
 3 0 0 3 1 1 1 0 0 2	 3 0 0 3 1 1 1 0 0 *
 3 0 0 3 0 0 3 0 0 1	 3 0 0 3 0 0 3 0 0 *
 3 1 1 3 2 2 2 2 2 3	 3 1 1 3 2 2 2 2 2 *

--------------------------------------------
 > rasterize
Execution time: 533965.0 ns
Treated list size: 22 nodes.
Path length: 18 moves.
Path cost: 40.0 time units.

 3 1 1 1 3 3 3 1 1 2	 * * * 1 3 3 3 1 1 2
 1 0 2 0 3 0 1 1 1 0	 1 0 * 0 3 0 1 1 1 0
 1 0 2 0 3 0 1 1 1 0	 1 0 * 0 3 0 1 1 1 0
 1 2 2 2 3 2 1 1 2 1	 1 2 * * 3 2 1 1 2 1
 3 3 3 3 3 3 3 0 3 1	 3 3 3 * * 3 3 0 3 1
 3 0 1 0 3 3 1 0 3 1	 3 0 1 0 * * * 0 3 1
 3 3 3 3 0 0 1 1 1 1	 3 3 3 3 0 0 * 1 1 1
 3 0 0 3 1 1 1 0 0 2	 3 0 0 3 1 1 * 0 0 2
 3 0 0 3 0 0 3 0 0 1	 3 0 0 3 0 0 * 0 0 1
 3 1 1 3 2 2 2 2 2 3	 3 1 1 3 2 2 * * * *

--------------------------------------------
-----A*------
 > state value difference
Execution time: 9662755.0 ns
Treated list size: 71 nodes.
Path length: 18 moves.
Path cost: 31.0 time units.

 3 1 1 1 3 3 3 1 1 2	 * 1 1 1 3 3 3 1 1 2
 1 0 2 0 3 0 1 1 1 0	 * 0 2 0 3 0 1 1 1 0
 1 0 2 0 3 0 1 1 1 0	 * 0 2 0 3 0 1 1 1 0
 1 2 2 2 3 2 1 1 2 1	 * * * * * * * * * *
 3 3 3 3 3 3 3 0 3 1	 3 3 3 3 3 3 3 0 3 *
 3 0 1 0 3 3 1 0 3 1	 3 0 1 0 3 3 1 0 3 *
 3 3 3 3 0 0 1 1 1 1	 3 3 3 3 0 0 1 1 1 *
 3 0 0 3 1 1 1 0 0 2	 3 0 0 3 1 1 1 0 0 *
 3 0 0 3 0 0 3 0 0 1	 3 0 0 3 0 0 3 0 0 *
 3 1 1 3 2 2 2 2 2 3	 3 1 1 3 2 2 2 2 2 *

--------------------------------------------
 > distance x value
Execution time: 751058.0 ns
Treated list size: 34 nodes.
Path length: 18 moves.
Path cost: 31.0 time units.

 3 1 1 1 3 3 3 1 1 2	 * 1 1 1 3 3 3 1 1 2
 1 0 2 0 3 0 1 1 1 0	 * 0 2 0 3 0 1 1 1 0
 1 0 2 0 3 0 1 1 1 0	 * 0 2 0 3 0 1 1 1 0
 1 2 2 2 3 2 1 1 2 1	 * * * * * * * * * *
 3 3 3 3 3 3 3 0 3 1	 3 3 3 3 3 3 3 0 3 *
 3 0 1 0 3 3 1 0 3 1	 3 0 1 0 3 3 1 0 3 *
 3 3 3 3 0 0 1 1 1 1	 3 3 3 3 0 0 1 1 1 *
 3 0 0 3 1 1 1 0 0 2	 3 0 0 3 1 1 1 0 0 *
 3 0 0 3 0 0 3 0 0 1	 3 0 0 3 0 0 3 0 0 *
 3 1 1 3 2 2 2 2 2 3	 3 1 1 3 2 2 2 2 2 *

--------------------------------------------
 > rasterize
Execution time: 2328271.0 ns
Treated list size: 65 nodes.
Path length: 18 moves.
Path cost: 31.0 time units.

 3 1 1 1 3 3 3 1 1 2	 * 1 1 1 3 3 3 1 1 2
 1 0 2 0 3 0 1 1 1 0	 * 0 2 0 3 0 1 1 1 0
 1 0 2 0 3 0 1 1 1 0	 * 0 2 0 3 0 1 1 1 0
 1 2 2 2 3 2 1 1 2 1	 * * * * * * * * * *
 3 3 3 3 3 3 3 0 3 1	 3 3 3 3 3 3 3 0 3 *
 3 0 1 0 3 3 1 0 3 1	 3 0 1 0 3 3 1 0 3 *
 3 3 3 3 0 0 1 1 1 1	 3 3 3 3 0 0 1 1 1 *
 3 0 0 3 1 1 1 0 0 2	 3 0 0 3 1 1 1 0 0 *
 3 0 0 3 0 0 3 0 0 1	 3 0 0 3 0 0 3 0 0 *
 3 1 1 3 2 2 2 2 2 3	 3 1 1 3 2 2 2 2 2 *

--------------------------------------------
